   1.0000000000000000     
   2.2501250625312657     
   3.5002501250625313     
   4.7503751875937965     
   6.0005002501250626     
   7.2506253126563287     
   8.5007503751875948     
   9.7508754377188609     
   11.001000500250127     
   12.251125562781393     
   13.501250625312659     
   14.751375687843925     
   16.001500750375190     
   17.251625812906454     
   18.501750875437718     
   19.751875937968983     
   21.002001000500247     
   22.252126063031511     
   23.502251125562776     
   24.752376188094040     
   26.002501250625304     
   27.252626313156568     
   28.502751375687833     
   29.752876438219097     
   31.003001500750361     
   32.253126563281626     
   33.503251625812894     
   34.753376688344161     
   36.003501750875429     
   37.253626813406697     
   38.503751875937965     
   39.753876938469233     
   41.004002001000501     
   42.254127063531769     
   43.504252126063037     
   44.754377188594304     
   46.004502251125572     
   47.254627313656840     
   48.504752376188108     
   49.754877438719376     
   51.005002501250644     
   52.255127563781912     
   53.505252626313180     
   54.755377688844447     
   56.005502751375715     
   57.255627813906983     
   58.505752876438251     
   59.755877938969519     
   61.006003001500787     
   62.256128064032055     
   63.506253126563323     
   64.756378189094590     
   66.006503251625858     
   67.256628314157126     
   68.506753376688394     
   69.756878439219662     
   71.007003501750930     
   72.257128564282198     
   73.507253626813466     
   74.757378689344733     
   76.007503751876001     
   77.257628814407269     
   78.507753876938537     
   79.757878939469805     
   81.008004002001073     
   82.258129064532341     
   83.508254127063609     
   84.758379189594876     
   86.008504252126144     
   87.258629314657412     
   88.508754377188680     
   89.758879439719948     
   91.009004502251216     
   92.259129564782484     
   93.509254627313751     
   94.759379689845019     
   96.009504752376287     
   97.259629814907555     
   98.509754877438823     
   99.759879939970091     
   101.01000500250136     
   102.26013006503263     
   103.51025512756389     
   104.76038019009516     
   106.01050525262643     
   107.26063031515770     
   108.51075537768897     
   109.76088044022023     
   111.01100550275150     
   112.26113056528277     
   113.51125562781404     
   114.76138069034531     
   116.01150575287657     
   117.26163081540784     
   118.51175587793911     
   119.76188094047038     
   121.01200600300164     
   122.26213106553291     
   123.51225612806418     
   124.76238119059545     
   126.01250625312672     
   127.26263131565798     
   128.51275637818924     
   129.76288144072049     
   131.01300650325175     
   132.26313156578300     
   133.51325662831425     
   134.76338169084551     
   136.01350675337676     
   137.26363181590801     
   138.51375687843927     
   139.76388194097052     
   141.01400700350177     
   142.26413206603303     
   143.51425712856428     
   144.76438219109554     
   146.01450725362679     
   147.26463231615804     
   148.51475737868930     
   149.76488244122055     
   151.01500750375180     
   152.26513256628306     
   153.51525762881431     
   154.76538269134556     
   156.01550775387682     
   157.26563281640807     
   158.51575787893933     
   159.76588294147058     
   161.01600800400183     
   162.26613306653309     
   163.51625812906434     
   164.76638319159559     
   166.01650825412685     
   167.26663331665810     
   168.51675837918935     
   169.76688344172061     
   171.01700850425186     
   172.26713356678312     
   173.51725862931437     
   174.76738369184562     
   176.01750875437688     
   177.26763381690813     
   178.51775887943938     
   179.76788394197064     
   181.01800900450189     
   182.26813406703315     
   183.51825912956440     
   184.76838419209565     
   186.01850925462691     
   187.26863431715816     
   188.51875937968941     
   189.76888444222067     
   191.01900950475192     
   192.26913456728317     
   193.51925962981443     
   194.76938469234568     
   196.01950975487694     
   197.26963481740819     
   198.51975987993944     
   199.76988494247070     
   201.02001000500195     
   202.27013506753320     
   203.52026013006446     
   204.77038519259571     
   206.02051025512696     
   207.27063531765822     
   208.52076038018947     
   209.77088544272073     
   211.02101050525198     
   212.27113556778323     
   213.52126063031449     
   214.77138569284574     
   216.02151075537699     
   217.27163581790825     
   218.52176088043950     
   219.77188594297075     
   221.02201100550201     
   222.27213606803326     
   223.52226113056452     
   224.77238619309577     
   226.02251125562702     
   227.27263631815828     
   228.52276138068953     
   229.77288644322078     
   231.02301150575204     
   232.27313656828329     
   233.52326163081455     
   234.77338669334580     
   236.02351175587705     
   237.27363681840831     
   238.52376188093956     
   239.77388694347081     
   241.02401200600207     
   242.27413706853332     
   243.52426213106457     
   244.77438719359583     
   246.02451225612708     
   247.27463731865834     
   248.52476238118959     
   249.77488744372084     
   251.02501250625210     
   252.27513756878335     
   253.52526263131460     
   254.77538769384586     
   256.02551275637711     
   257.27563781890836     
   258.52576288143962     
   259.77588794397087     
   261.02601300650213     
   262.27613806903338     
   263.52626313156463     
   264.77638819409589     
   266.02651325662714     
   267.27663831915839     
   268.52676338168965     
   269.77688844422090     
   271.02701350675216     
   272.27713856928341     
   273.52726363181466     
   274.77738869434592     
   276.02751375687717     
   277.27763881940842     
   278.52776388193968     
   279.77788894447093     
   281.02801400700218     
   282.27813906953344     
   283.52826413206469     
   284.77838919459595     
   286.02851425712720     
   287.27863931965845     
   288.52876438218971     
   289.77888944472096     
   291.02901450725221     
   292.27913956978347     
   293.52926463231472     
   294.77938969484597     
   296.02951475737723     
   297.27963981990848     
   298.52976488243974     
   299.77988994497099     
   301.03001500750224     
   302.28014007003350     
   303.53026513256475     
   304.78039019509600     
   306.03051525762726     
   307.28064032015851     
   308.53076538268976     
   309.78089044522102     
   311.03101550775227     
   312.28114057028353     
   313.53126563281478     
   314.78139069534603     
   316.03151575787729     
   317.28164082040854     
   318.53176588293979     
   319.78189094547105     
   321.03201600800230     
   322.28214107053356     
   323.53226613306481     
   324.78239119559606     
   326.03251625812732     
   327.28264132065857     
   328.53276638318982     
   329.78289144572108     
   331.03301650825233     
   332.28314157078358     
   333.53326663331484     
   334.78339169584609     
   336.03351675837735     
   337.28364182090860     
   338.53376688343985     
   339.78389194597111     
   341.03401700850236     
   342.28414207103361     
   343.53426713356487     
   344.78439219609612     
   346.03451725862737     
   347.28464232115863     
   348.53476738368988     
   349.78489244622114     
   351.03501750875239     
   352.28514257128364     
   353.53526763381490     
   354.78539269634615     
   356.03551775887740     
   357.28564282140866     
   358.53576788393991     
   359.78589294647117     
   361.03601800900242     
   362.28614307153367     
   363.53626813406493     
   364.78639319659618     
   366.03651825912743     
   367.28664332165869     
   368.53676838418994     
   369.78689344672119     
   371.03701850925245     
   372.28714357178370     
   373.53726863431496     
   374.78739369684621     
   376.03751875937746     
   377.28764382190872     
   378.53776888443997     
   379.78789394697122     
   381.03801900950248     
   382.28814407203373     
   383.53826913456498     
   384.78839419709624     
   386.03851925962749     
   387.28864432215875     
   388.53876938469000     
   389.78889444722125     
   391.03901950975251     
   392.28914457228376     
   393.53926963481501     
   394.78939469734627     
   396.03951975987752     
   397.28964482240877     
   398.53976988494003     
   399.78989494747128     
   401.04002001000254     
   402.29014507253379     
   403.54027013506504     
   404.79039519759630     
   406.04052026012755     
   407.29064532265880     
   408.54077038519006     
   409.79089544772131     
   411.04102051025257     
   412.29114557278382     
   413.54127063531507     
   414.79139569784633     
   416.04152076037758     
   417.29164582290883     
   418.54177088544009     
   419.79189594797134     
   421.04202101050259     
   422.29214607303385     
   423.54227113556510     
   424.79239619809636     
   426.04252126062761     
   427.29264632315886     
   428.54277138569012     
   429.79289644822137     
   431.04302151075262     
   432.29314657328388     
   433.54327163581513     
   434.79339669834638     
   436.04352176087764     
   437.29364682340889     
   438.54377188594015     
   439.79389694847140     
   441.04402201100265     
   442.29414707353391     
   443.54427213606516     
   444.79439719859641     
   446.04452226112767     
   447.29464732365892     
   448.54477238619017     
   449.79489744872143     
   451.04502251125268     
   452.29514757378394     
   453.54527263631519     
   454.79539769884644     
   456.04552276137770     
   457.29564782390895     
   458.54577288644020     
   459.79589794897146     
   461.04602301150271     
   462.29614807403397     
   463.54627313656522     
   464.79639819909647     
   466.04652326162773     
   467.29664832415898     
   468.54677338669023     
   469.79689844922149     
   471.04702351175274     
   472.29714857428399     
   473.54727363681525     
   474.79739869934650     
   476.04752376187776     
   477.29764882440901     
   478.54777388694026     
   479.79789894947152     
   481.04802401200277     
   482.29814907453402     
   483.54827413706528     
   484.79839919959653     
   486.04852426212778     
   487.29864932465904     
   488.54877438719029     
   489.79889944972155     
   491.04902451225280     
   492.29914957478405     
   493.54927463731531     
   494.79939969984656     
   496.04952476237781     
   497.29964982490907     
   498.54977488744032     
   499.79989994997158     
   501.05002501250283     
   502.30015007503408     
   503.55027513756534     
   504.80040020009659     
   506.05052526262784     
   507.30065032515910     
   508.55077538769035     
   509.80090045022160     
   511.05102551275286     
   512.30115057528417     
   513.55127563781548     
   514.80140070034679     
   516.05152576287810     
   517.30165082540941     
   518.55177588794072     
   519.80190095047203     
   521.05202601300334     
   522.30215107553465     
   523.55227613806596     
   524.80240120059727     
   526.05252626312858     
   527.30265132565989     
   528.55277638819121     
   529.80290145072252     
   531.05302651325383     
   532.30315157578514     
   533.55327663831645     
   534.80340170084776     
   536.05352676337907     
   537.30365182591038     
   538.55377688844169     
   539.80390195097300     
   541.05402701350431     
   542.30415207603562     
   543.55427713856693     
   544.80440220109824     
   546.05452726362955     
   547.30465232616086     
   548.55477738869217     
   549.80490245122348     
   551.05502751375479     
   552.30515257628610     
   553.55527763881742     
   554.80540270134873     
   556.05552776388004     
   557.30565282641135     
   558.55577788894266     
   559.80590295147397     
   561.05602801400528     
   562.30615307653659     
   563.55627813906790     
   564.80640320159921     
   566.05652826413052     
   567.30665332666183     
   568.55677838919314     
   569.80690345172445     
   571.05702851425576     
   572.30715357678707     
   573.55727863931838     
   574.80740370184969     
   576.05752876438100     
   577.30765382691231     
   578.55777888944363     
   579.80790395197494     
   581.05802901450625     
   582.30815407703756     
   583.55827913956887     
   584.80840420210018     
   586.05852926463149     
   587.30865432716280     
   588.55877938969411     
   589.80890445222542     
   591.05902951475673     
   592.30915457728804     
   593.55927963981935     
   594.80940470235066     
   596.05952976488197     
   597.30965482741328     
   598.55977988994459     
   599.80990495247590     
   601.06003001500721     
   602.31015507753852     
   603.56028014006984     
   604.81040520260115     
   606.06053026513246     
   607.31065532766377     
   608.56078039019508     
   609.81090545272639     
   611.06103051525770     
   612.31115557778901     
   613.56128064032032     
   614.81140570285163     
   616.06153076538294     
   617.31165582791425     
   618.56178089044556     
   619.81190595297687     
   621.06203101550818     
   622.31215607803949     
   623.56228114057080     
   624.81240620310211     
   626.06253126563342     
   627.31265632816473     
   628.56278139069605     
   629.81290645322736     
   631.06303151575867     
   632.31315657828998     
   633.56328164082129     
   634.81340670335260     
   636.06353176588391     
   637.31365682841522     
   638.56378189094653     
   639.81390695347784     
   641.06403201600915     
   642.31415707854046     
   643.56428214107177     
   644.81440720360308     
   646.06453226613439     
   647.31465732866570     
   648.56478239119701     
   649.81490745372832     
   651.06503251625963     
   652.31515757879095     
   653.56528264132226     
   654.81540770385357     
   656.06553276638488     
   657.31565782891619     
   658.56578289144750     
   659.81590795397881     
   661.06603301651012     
   662.31615807904143     
   663.56628314157274     
   664.81640820410405     
   666.06653326663536     
   667.31665832916667     
   668.56678339169798     
   669.81690845422929     
   671.06703351676060     
   672.31715857929191     
   673.56728364182322     
   674.81740870435453     
   676.06753376688584     
   677.31765882941716     
   678.56778389194847     
   679.81790895447978     
   681.06803401701109     
   682.31815907954240     
   683.56828414207371     
   684.81840920460502     
   686.06853426713633     
   687.31865932966764     
   688.56878439219895     
   689.81890945473026     
   691.06903451726157     
   692.31915957979288     
   693.56928464232419     
   694.81940970485550     
   696.06953476738681     
   697.31965982991812     
   698.56978489244943     
   699.81990995498074     
   701.07003501751205     
   702.32016008004337     
   703.57028514257468     
   704.82041020510599     
   706.07053526763730     
   707.32066033016861     
   708.57078539269992     
   709.82091045523123     
   711.07103551776254     
   712.32116058029385     
   713.57128564282516     
   714.82141070535647     
   716.07153576788778     
   717.32166083041909     
   718.57178589295040     
   719.82191095548171     
   721.07203601801302     
   722.32216108054433     
   723.57228614307564     
   724.82241120560695     
   726.07253626813826     
   727.32266133066958     
   728.57278639320089     
   729.82291145573220     
   731.07303651826351     
   732.32316158079482     
   733.57328664332613     
   734.82341170585744     
   736.07353676838875     
   737.32366183092006     
   738.57378689345137     
   739.82391195598268     
   741.07403701851399     
   742.32416208104530     
   743.57428714357661     
   744.82441220610792     
   746.07453726863923     
   747.32466233117054     
   748.57478739370185     
   749.82491245623316     
   751.07503751876447     
   752.32516258129579     
   753.57528764382710     
   754.82541270635841     
   756.07553776888972     
   757.32566283142103     
   758.57578789395234     
   759.82591295648365     
   761.07603801901496     
   762.32616308154627     
   763.57628814407758     
   764.82641320660889     
   766.07653826914020     
   767.32666333167151     
   768.57678839420282     
   769.82691345673413     
   771.07703851926544     
   772.32716358179675     
   773.57728864432806     
   774.82741370685937     
   776.07753876939069     
   777.32766383192200     
   778.57778889445331     
   779.82791395698462     
   781.07803901951593     
   782.32816408204724     
   783.57828914457855     
   784.82841420710986     
   786.07853926964117     
   787.32866433217248     
   788.57878939470379     
   789.82891445723510     
   791.07903951976641     
   792.32916458229772     
   793.57928964482903     
   794.82941470736034     
   796.07953976989165     
   797.32966483242296     
   798.57978989495427     
   799.82991495748558     
   801.08004002001690     
   802.33016508254821     
   803.58029014507952     
   804.83041520761083     
   806.08054027014214     
   807.33066533267345     
   808.58079039520476     
   809.83091545773607     
   811.08104052026738     
   812.33116558279869     
   813.58129064533000     
   814.83141570786131     
   816.08154077039262     
   817.33166583292393     
   818.58179089545524     
   819.83191595798655     
   821.08204102051786     
   822.33216608304917     
   823.58229114558048     
   824.83241620811179     
   826.08254127064311     
   827.33266633317442     
   828.58279139570573     
   829.83291645823704     
   831.08304152076835     
   832.33316658329966     
   833.58329164583097     
   834.83341670836228     
   836.08354177089359     
   837.33366683342490     
   838.58379189595621     
   839.83391695848752     
   841.08404202101883     
   842.33416708355014     
   843.58429214608145     
   844.83441720861276     
   846.08454227114407     
   847.33466733367538     
   848.58479239620669     
   849.83491745873800     
   851.08504252126932     
   852.33516758380063     
   853.58529264633194     
   854.83541770886325     
   856.08554277139456     
   857.33566783392587     
   858.58579289645718     
   859.83591795898849     
   861.08604302151980     
   862.33616808405111     
   863.58629314658242     
   864.83641820911373     
   866.08654327164504     
   867.33666833417635     
   868.58679339670766     
   869.83691845923897     
   871.08704352177028     
   872.33716858430159     
   873.58729364683290     
   874.83741870936421     
   876.08754377189553     
   877.33766883442684     
   878.58779389695815     
   879.83791895948946     
   881.08804402202077     
   882.33816908455208     
   883.58829414708339     
   884.83841920961470     
   886.08854427214601     
   887.33866933467732     
   888.58879439720863     
   889.83891945973994     
   891.08904452227125     
   892.33916958480256     
   893.58929464733387     
   894.83941970986518     
   896.08954477239649     
   897.33966983492780     
   898.58979489745911     
   899.83991995999043     
   901.09004502252174     
   902.34017008505305     
   903.59029514758436     
   904.84042021011567     
   906.09054527264698     
   907.34067033517829     
   908.59079539770960     
   909.84092046024091     
   911.09104552277222     
   912.34117058530353     
   913.59129564783484     
   914.84142071036615     
   916.09154577289746     
   917.34167083542877     
   918.59179589796008     
   919.84192096049139     
   921.09204602302270     
   922.34217108555401     
   923.59229614808532     
   924.84242121061664     
   926.09254627314795     
   927.34267133567926     
   928.59279639821057     
   929.84292146074188     
   931.09304652327319     
   932.34317158580450     
   933.59329664833581     
   934.84342171086712     
   936.09354677339843     
   937.34367183592974     
   938.59379689846105     
   939.84392196099236     
   941.09404702352367     
   942.34417208605498     
   943.59429714858629     
   944.84442221111760     
   946.09454727364891     
   947.34467233618022     
   948.59479739871153     
   949.84492246124285     
   951.09504752377416     
   952.34517258630547     
   953.59529764883678     
   954.84542271136809     
   956.09554777389940     
   957.34567283643071     
   958.59579789896202     
   959.84592296149333     
   961.09604802402464     
   962.34617308655595     
   963.59629814908726     
   964.84642321161857     
   966.09654827414988     
   967.34667333668119     
   968.59679839921250     
   969.84692346174381     
   971.09704852427512     
   972.34717358680643     
   973.59729864933774     
   974.84742371186906     
   976.09754877440037     
   977.34767383693168     
   978.59779889946299     
   979.84792396199430     
   981.09804902452561     
   982.34817408705692     
   983.59829914958823     
   984.84842421211954     
   986.09854927465085     
   987.34867433718216     
   988.59879939971347     
   989.84892446224478     
   991.09904952477609     
   992.34917458730740     
   993.59929964983871     
   994.84942471237002     
   996.09954977490133     
   997.34967483743264     
   998.59979989996395     
   999.84992496249527     
   1001.1000500250266     
   1002.3501750875579     
   1003.6003001500892     
   1004.8504252126205     
   1006.1005502751518     
   1007.3506753376831     
   1008.6008004002144     
   1009.8509254627457     
   1011.1010505252771     
   1012.3511755878084     
   1013.6013006503397     
   1014.8514257128710     
   1016.1015507754023     
   1017.3516758379336     
   1018.6018009004649     
   1019.8519259629962     
   1021.1020510255275     
   1022.3521760880589     
   1023.6023011505902     
   1024.8524262131214     
   1026.1025512756526     
   1027.3526763381838     
   1028.6028014007150     
   1029.8529264632461     
   1031.1030515257773     
   1032.3531765883085     
   1033.6033016508397     
   1034.8534267133709     
   1036.1035517759021     
   1037.3536768384333     
   1038.6038019009645     
   1039.8539269634957     
   1041.1040520260269     
   1042.3541770885581     
   1043.6043021510893     
   1044.8544272136205     
   1046.1045522761517     
   1047.3546773386829     
   1048.6048024012141     
   1049.8549274637453     
   1051.1050525262765     
   1052.3551775888077     
   1053.6053026513389     
   1054.8554277138701     
   1056.1055527764013     
   1057.3556778389325     
   1058.6058029014637     
   1059.8559279639949     
   1061.1060530265261     
   1062.3561780890573     
   1063.6063031515885     
   1064.8564282141197     
   1066.1065532766509     
   1067.3566783391821     
   1068.6068034017133     
   1069.8569284642444     
   1071.1070535267756     
   1072.3571785893068     
   1073.6073036518380     
   1074.8574287143692     
   1076.1075537769004     
   1077.3576788394316     
   1078.6078039019628     
   1079.8579289644940     
   1081.1080540270252     
   1082.3581790895564     
   1083.6083041520876     
   1084.8584292146188     
   1086.1085542771500     
   1087.3586793396812     
   1088.6088044022124     
   1089.8589294647436     
   1091.1090545272748     
   1092.3591795898060     
   1093.6093046523372     
   1094.8594297148684     
   1096.1095547773996     
   1097.3596798399308     
   1098.6098049024620     
   1099.8599299649932     
   1101.1100550275244     
   1102.3601800900556     
   1103.6103051525868     
   1104.8604302151180     
   1106.1105552776492     
   1107.3606803401804     
   1108.6108054027115     
   1109.8609304652427     
   1111.1110555277739     
   1112.3611805903051     
   1113.6113056528363     
   1114.8614307153675     
   1116.1115557778987     
   1117.3616808404299     
   1118.6118059029611     
   1119.8619309654923     
   1121.1120560280235     
   1122.3621810905547     
   1123.6123061530859     
   1124.8624312156171     
   1126.1125562781483     
   1127.3626813406795     
   1128.6128064032107     
   1129.8629314657419     
   1131.1130565282731     
   1132.3631815908043     
   1133.6133066533355     
   1134.8634317158667     
   1136.1135567783979     
   1137.3636818409291     
   1138.6138069034603     
   1139.8639319659915     
   1141.1140570285227     
   1142.3641820910539     
   1143.6143071535851     
   1144.8644322161163     
   1146.1145572786475     
   1147.3646823411786     
   1148.6148074037098     
   1149.8649324662410     
   1151.1150575287722     
   1152.3651825913034     
   1153.6153076538346     
   1154.8654327163658     
   1156.1155577788970     
   1157.3656828414282     
   1158.6158079039594     
   1159.8659329664906     
   1161.1160580290218     
   1162.3661830915530     
   1163.6163081540842     
   1164.8664332166154     
   1166.1165582791466     
   1167.3666833416778     
   1168.6168084042090     
   1169.8669334667402     
   1171.1170585292714     
   1172.3671835918026     
   1173.6173086543338     
   1174.8674337168650     
   1176.1175587793962     
   1177.3676838419274     
   1178.6178089044586     
   1179.8679339669898     
   1181.1180590295210     
   1182.3681840920522     
   1183.6183091545834     
   1184.8684342171146     
   1186.1185592796458     
   1187.3686843421769     
   1188.6188094047081     
   1189.8689344672393     
   1191.1190595297705     
   1192.3691845923017     
   1193.6193096548329     
   1194.8694347173641     
   1196.1195597798953     
   1197.3696848424265     
   1198.6198099049577     
   1199.8699349674889     
   1201.1200600300201     
   1202.3701850925513     
   1203.6203101550825     
   1204.8704352176137     
   1206.1205602801449     
   1207.3706853426761     
   1208.6208104052073     
   1209.8709354677385     
   1211.1210605302697     
   1212.3711855928009     
   1213.6213106553321     
   1214.8714357178633     
   1216.1215607803945     
   1217.3716858429257     
   1218.6218109054569     
   1219.8719359679881     
   1221.1220610305193     
   1222.3721860930505     
   1223.6223111555817     
   1224.8724362181129     
   1226.1225612806440     
   1227.3726863431752     
   1228.6228114057064     
   1229.8729364682376     
   1231.1230615307688     
   1232.3731865933000     
   1233.6233116558312     
   1234.8734367183624     
   1236.1235617808936     
   1237.3736868434248     
   1238.6238119059560     
   1239.8739369684872     
   1241.1240620310184     
   1242.3741870935496     
   1243.6243121560808     
   1244.8744372186120     
   1246.1245622811432     
   1247.3746873436744     
   1248.6248124062056     
   1249.8749374687368     
   1251.1250625312680     
   1252.3751875937992     
   1253.6253126563304     
   1254.8754377188616     
   1256.1255627813928     
   1257.3756878439240     
   1258.6258129064552     
   1259.8759379689864     
   1261.1260630315176     
   1262.3761880940488     
   1263.6263131565800     
   1264.8764382191112     
   1266.1265632816423     
   1267.3766883441735     
   1268.6268134067047     
   1269.8769384692359     
   1271.1270635317671     
   1272.3771885942983     
   1273.6273136568295     
   1274.8774387193607     
   1276.1275637818919     
   1277.3776888444231     
   1278.6278139069543     
   1279.8779389694855     
   1281.1280640320167     
   1282.3781890945479     
   1283.6283141570791     
   1284.8784392196103     
   1286.1285642821415     
   1287.3786893446727     
   1288.6288144072039     
   1289.8789394697351     
   1291.1290645322663     
   1292.3791895947975     
   1293.6293146573287     
   1294.8794397198599     
   1296.1295647823911     
   1297.3796898449223     
   1298.6298149074535     
   1299.8799399699847     
   1301.1300650325159     
   1302.3801900950471     
   1303.6303151575783     
   1304.8804402201094     
   1306.1305652826406     
   1307.3806903451718     
   1308.6308154077030     
   1309.8809404702342     
   1311.1310655327654     
   1312.3811905952966     
   1313.6313156578278     
   1314.8814407203590     
   1316.1315657828902     
   1317.3816908454214     
   1318.6318159079526     
   1319.8819409704838     
   1321.1320660330150     
   1322.3821910955462     
   1323.6323161580774     
   1324.8824412206086     
   1326.1325662831398     
   1327.3826913456710     
   1328.6328164082022     
   1329.8829414707334     
   1331.1330665332646     
   1332.3831915957958     
   1333.6333166583270     
   1334.8834417208582     
   1336.1335667833894     
   1337.3836918459206     
   1338.6338169084518     
   1339.8839419709830     
   1341.1340670335142     
   1342.3841920960454     
   1343.6343171585766     
   1344.8844422211077     
   1346.1345672836389     
   1347.3846923461701     
   1348.6348174087013     
   1349.8849424712325     
   1351.1350675337637     
   1352.3851925962949     
   1353.6353176588261     
   1354.8854427213573     
   1356.1355677838885     
   1357.3856928464197     
   1358.6358179089509     
   1359.8859429714821     
   1361.1360680340133     
   1362.3861930965445     
   1363.6363181590757     
   1364.8864432216069     
   1366.1365682841381     
   1367.3866933466693     
   1368.6368184092005     
   1369.8869434717317     
   1371.1370685342629     
   1372.3871935967941     
   1373.6373186593253     
   1374.8874437218565     
   1376.1375687843877     
   1377.3876938469189     
   1378.6378189094501     
   1379.8879439719813     
   1381.1380690345125     
   1382.3881940970437     
   1383.6383191595748     
   1384.8884442221060     
   1386.1385692846372     
   1387.3886943471684     
   1388.6388194096996     
   1389.8889444722308     
   1391.1390695347620     
   1392.3891945972932     
   1393.6393196598244     
   1394.8894447223556     
   1396.1395697848868     
   1397.3896948474180     
   1398.6398199099492     
   1399.8899449724804     
   1401.1400700350116     
   1402.3901950975428     
   1403.6403201600740     
   1404.8904452226052     
   1406.1405702851364     
   1407.3906953476676     
   1408.6408204101988     
   1409.8909454727300     
   1411.1410705352612     
   1412.3911955977924     
   1413.6413206603236     
   1414.8914457228548     
   1416.1415707853860     
   1417.3916958479172     
   1418.6418209104484     
   1419.8919459729796     
   1421.1420710355108     
   1422.3921960980419     
   1423.6423211605731     
   1424.8924462231043     
   1426.1425712856355     
   1427.3926963481667     
   1428.6428214106979     
   1429.8929464732291     
   1431.1430715357603     
   1432.3931965982915     
   1433.6433216608227     
   1434.8934467233539     
   1436.1435717858851     
   1437.3936968484163     
   1438.6438219109475     
   1439.8939469734787     
   1441.1440720360099     
   1442.3941970985411     
   1443.6443221610723     
   1444.8944472236035     
   1446.1445722861347     
   1447.3946973486659     
   1448.6448224111971     
   1449.8949474737283     
   1451.1450725362595     
   1452.3951975987907     
   1453.6453226613219     
   1454.8954477238531     
   1456.1455727863843     
   1457.3956978489155     
   1458.6458229114467     
   1459.8959479739779     
   1461.1460730365091     
   1462.3961980990402     
   1463.6463231615714     
   1464.8964482241026     
   1466.1465732866338     
   1467.3966983491650     
   1468.6468234116962     
   1469.8969484742274     
   1471.1470735367586     
   1472.3971985992898     
   1473.6473236618210     
   1474.8974487243522     
   1476.1475737868834     
   1477.3976988494146     
   1478.6478239119458     
   1479.8979489744770     
   1481.1480740370082     
   1482.3981990995394     
   1483.6483241620706     
   1484.8984492246018     
   1486.1485742871330     
   1487.3986993496642     
   1488.6488244121954     
   1489.8989494747266     
   1491.1490745372578     
   1492.3991995997890     
   1493.6493246623202     
   1494.8994497248514     
   1496.1495747873826     
   1497.3996998499138     
   1498.6498249124450     
   1499.8999499749762     
   1501.1500750375073     
   1502.4002001000385     
   1503.6503251625697     
   1504.9004502251009     
   1506.1505752876321     
   1507.4007003501633     
   1508.6508254126945     
   1509.9009504752257     
   1511.1510755377569     
   1512.4012006002881     
   1513.6513256628193     
   1514.9014507253505     
   1516.1515757878817     
   1517.4017008504129     
   1518.6518259129441     
   1519.9019509754753     
   1521.1520760380065     
   1522.4022011005377     
   1523.6523261630689     
   1524.9024512256001     
   1526.1525762881313     
   1527.4027013506625     
   1528.6528264131937     
   1529.9029514757249     
   1531.1530765382561     
   1532.4032016007873     
   1533.6533266633185     
   1534.9034517258497     
   1536.1535767883809     
   1537.4037018509121     
   1538.6538269134433     
   1539.9039519759745     
   1541.1540770385056     
   1542.4042021010368     
   1543.6543271635680     
   1544.9044522260992     
   1546.1545772886304     
   1547.4047023511616     
   1548.6548274136928     
   1549.9049524762240     
   1551.1550775387552     
   1552.4052026012864     
   1553.6553276638176     
   1554.9054527263488     
   1556.1555777888800     
   1557.4057028514112     
   1558.6558279139424     
   1559.9059529764736     
   1561.1560780390048     
   1562.4062031015360     
   1563.6563281640672     
   1564.9064532265984     
   1566.1565782891296     
   1567.4067033516608     
   1568.6568284141920     
   1569.9069534767232     
   1571.1570785392544     
   1572.4072036017856     
   1573.6573286643168     
   1574.9074537268480     
   1576.1575787893792     
   1577.4077038519104     
   1578.6578289144416     
   1579.9079539769727     
   1581.1580790395039     
   1582.4082041020351     
   1583.6583291645663     
   1584.9084542270975     
   1586.1585792896287     
   1587.4087043521599     
   1588.6588294146911     
   1589.9089544772223     
   1591.1590795397535     
   1592.4092046022847     
   1593.6593296648159     
   1594.9094547273471     
   1596.1595797898783     
   1597.4097048524095     
   1598.6598299149407     
   1599.9099549774719     
   1601.1600800400031     
   1602.4102051025343     
   1603.6603301650655     
   1604.9104552275967     
   1606.1605802901279     
   1607.4107053526591     
   1608.6608304151903     
   1609.9109554777215     
   1611.1610805402527     
   1612.4112056027839     
   1613.6613306653151     
   1614.9114557278463     
   1616.1615807903775     
   1617.4117058529087     
   1618.6618309154399     
   1619.9119559779710     
   1621.1620810405022     
   1622.4122061030334     
   1623.6623311655646     
   1624.9124562280958     
   1626.1625812906270     
   1627.4127063531582     
   1628.6628314156894     
   1629.9129564782206     
   1631.1630815407518     
   1632.4132066032830     
   1633.6633316658142     
   1634.9134567283454     
   1636.1635817908766     
   1637.4137068534078     
   1638.6638319159390     
   1639.9139569784702     
   1641.1640820410014     
   1642.4142071035326     
   1643.6643321660638     
   1644.9144572285950     
   1646.1645822911262     
   1647.4147073536574     
   1648.6648324161886     
   1649.9149574787198     
   1651.1650825412510     
   1652.4152076037822     
   1653.6653326663134     
   1654.9154577288446     
   1656.1655827913758     
   1657.4157078539070     
   1658.6658329164381     
   1659.9159579789693     
   1661.1660830415005     
   1662.4162081040317     
   1663.6663331665629     
   1664.9164582290941     
   1666.1665832916253     
   1667.4167083541565     
   1668.6668334166877     
   1669.9169584792189     
   1671.1670835417501     
   1672.4172086042813     
   1673.6673336668125     
   1674.9174587293437     
   1676.1675837918749     
   1677.4177088544061     
   1678.6678339169373     
   1679.9179589794685     
   1681.1680840419997     
   1682.4182091045309     
   1683.6683341670621     
   1684.9184592295933     
   1686.1685842921245     
   1687.4187093546557     
   1688.6688344171869     
   1689.9189594797181     
   1691.1690845422493     
   1692.4192096047805     
   1693.6693346673117     
   1694.9194597298429     
   1696.1695847923741     
   1697.4197098549052     
   1698.6698349174364     
   1699.9199599799676     
   1701.1700850424988     
   1702.4202101050300     
   1703.6703351675612     
   1704.9204602300924     
   1706.1705852926236     
   1707.4207103551548     
   1708.6708354176860     
   1709.9209604802172     
   1711.1710855427484     
   1712.4212106052796     
   1713.6713356678108     
   1714.9214607303420     
   1716.1715857928732     
   1717.4217108554044     
   1718.6718359179356     
   1719.9219609804668     
   1721.1720860429980     
   1722.4222111055292     
   1723.6723361680604     
   1724.9224612305916     
   1726.1725862931228     
   1727.4227113556540     
   1728.6728364181852     
   1729.9229614807164     
   1731.1730865432476     
   1732.4232116057788     
   1733.6733366683100     
   1734.9234617308412     
   1736.1735867933724     
   1737.4237118559035     
   1738.6738369184347     
   1739.9239619809659     
   1741.1740870434971     
   1742.4242121060283     
   1743.6743371685595     
   1744.9244622310907     
   1746.1745872936219     
   1747.4247123561531     
   1748.6748374186843     
   1749.9249624812155     
   1751.1750875437467     
   1752.4252126062779     
   1753.6753376688091     
   1754.9254627313403     
   1756.1755877938715     
   1757.4257128564027     
   1758.6758379189339     
   1759.9259629814651     
   1761.1760880439963     
   1762.4262131065275     
   1763.6763381690587     
   1764.9264632315899     
   1766.1765882941211     
   1767.4267133566523     
   1768.6768384191835     
   1769.9269634817147     
   1771.1770885442459     
   1772.4272136067771     
   1773.6773386693083     
   1774.9274637318395     
   1776.1775887943706     
   1777.4277138569018     
   1778.6778389194330     
   1779.9279639819642     
   1781.1780890444954     
   1782.4282141070266     
   1783.6783391695578     
   1784.9284642320890     
   1786.1785892946202     
   1787.4287143571514     
   1788.6788394196826     
   1789.9289644822138     
   1791.1790895447450     
   1792.4292146072762     
   1793.6793396698074     
   1794.9294647323386     
   1796.1795897948698     
   1797.4297148574010     
   1798.6798399199322     
   1799.9299649824634     
   1801.1800900449946     
   1802.4302151075258     
   1803.6803401700570     
   1804.9304652325882     
   1806.1805902951194     
   1807.4307153576506     
   1808.6808404201818     
   1809.9309654827130     
   1811.1810905452442     
   1812.4312156077754     
   1813.6813406703066     
   1814.9314657328378     
   1816.1815907953689     
   1817.4317158579001     
   1818.6818409204313     
   1819.9319659829625     
   1821.1820910454937     
   1822.4322161080249     
   1823.6823411705561     
   1824.9324662330873     
   1826.1825912956185     
   1827.4327163581497     
   1828.6828414206809     
   1829.9329664832121     
   1831.1830915457433     
   1832.4332166082745     
   1833.6833416708057     
   1834.9334667333369     
   1836.1835917958681     
   1837.4337168583993     
   1838.6838419209305     
   1839.9339669834617     
   1841.1840920459929     
   1842.4342171085241     
   1843.6843421710553     
   1844.9344672335865     
   1846.1845922961177     
   1847.4347173586489     
   1848.6848424211801     
   1849.9349674837113     
   1851.1850925462425     
   1852.4352176087737     
   1853.6853426713049     
   1854.9354677338360     
   1856.1855927963672     
   1857.4357178588984     
   1858.6858429214296     
   1859.9359679839608     
   1861.1860930464920     
   1862.4362181090232     
   1863.6863431715544     
   1864.9364682340856     
   1866.1865932966168     
   1867.4367183591480     
   1868.6868434216792     
   1869.9369684842104     
   1871.1870935467416     
   1872.4372186092728     
   1873.6873436718040     
   1874.9374687343352     
   1876.1875937968664     
   1877.4377188593976     
   1878.6878439219288     
   1879.9379689844600     
   1881.1880940469912     
   1882.4382191095224     
   1883.6883441720536     
   1884.9384692345848     
   1886.1885942971160     
   1887.4387193596472     
   1888.6888444221784     
   1889.9389694847096     
   1891.1890945472408     
   1892.4392196097720     
   1893.6893446723032     
   1894.9394697348343     
   1896.1895947973655     
   1897.4397198598967     
   1898.6898449224279     
   1899.9399699849591     
   1901.1900950474903     
   1902.4402201100215     
   1903.6903451725527     
   1904.9404702350839     
   1906.1905952976151     
   1907.4407203601463     
   1908.6908454226775     
   1909.9409704852087     
   1911.1910955477399     
   1912.4412206102711     
   1913.6913456728023     
   1914.9414707353335     
   1916.1915957978647     
   1917.4417208603959     
   1918.6918459229271     
   1919.9419709854583     
   1921.1920960479895     
   1922.4422211105207     
   1923.6923461730519     
   1924.9424712355831     
   1926.1925962981143     
   1927.4427213606455     
   1928.6928464231767     
   1929.9429714857079     
   1931.1930965482391     
   1932.4432216107703     
   1933.6933466733014     
   1934.9434717358326     
   1936.1935967983638     
   1937.4437218608950     
   1938.6938469234262     
   1939.9439719859574     
   1941.1940970484886     
   1942.4442221110198     
   1943.6943471735510     
   1944.9444722360822     
   1946.1945972986134     
   1947.4447223611446     
   1948.6948474236758     
   1949.9449724862070     
   1951.1950975487382     
   1952.4452226112694     
   1953.6953476738006     
   1954.9454727363318     
   1956.1955977988630     
   1957.4457228613942     
   1958.6958479239254     
   1959.9459729864566     
   1961.1960980489878     
   1962.4462231115190     
   1963.6963481740502     
   1964.9464732365814     
   1966.1965982991126     
   1967.4467233616438     
   1968.6968484241750     
   1969.9469734867062     
   1971.1970985492374     
   1972.4472236117685     
   1973.6973486742997     
   1974.9474737368309     
   1976.1975987993621     
   1977.4477238618933     
   1978.6978489244245     
   1979.9479739869557     
   1981.1980990494869     
   1982.4482241120181     
   1983.6983491745493     
   1984.9484742370805     
   1986.1985992996117     
   1987.4487243621429     
   1988.6988494246741     
   1989.9489744872053     
   1991.1990995497365     
   1992.4492246122677     
   1993.6993496747989     
   1994.9494747373301     
   1996.1995997998613     
   1997.4497248623925     
   1998.6998499249237     
   1999.9499749874549     
   2001.2001000499861     
   2002.4502251125173     
   2003.7003501750485     
   2004.9504752375797     
   2006.2006003001109     
   2007.4507253626421     
   2008.7008504251733     
   2009.9509754877045     
   2011.2011005502357     
   2012.4512256127668     
   2013.7013506752980     
   2014.9514757378292     
   2016.2016008003604     
   2017.4517258628916     
   2018.7018509254228     
   2019.9519759879540     
   2021.2021010504852     
   2022.4522261130164     
   2023.7023511755476     
   2024.9524762380788     
   2026.2026013006100     
   2027.4527263631412     
   2028.7028514256724     
   2029.9529764882036     
   2031.2031015507348     
   2032.4532266132660     
   2033.7033516757972     
   2034.9534767383284     
   2036.2036018008596     
   2037.4537268633908     
   2038.7038519259220     
   2039.9539769884532     
   2041.2041020509844     
   2042.4542271135156     
   2043.7043521760468     
   2044.9544772385780     
   2046.2046023011092     
   2047.4547273636404     
   2048.7048524261718     
   2049.9549774887032     
   2051.2051025512346     
   2052.4552276137661     
   2053.7053526762975     
   2054.9554777388289     
   2056.2056028013603     
   2057.4557278638918     
   2058.7058529264232     
   2059.9559779889546     
   2061.2061030514860     
   2062.4562281140174     
   2063.7063531765489     
   2064.9564782390803     
   2066.2066033016117     
   2067.4567283641431     
   2068.7068534266746     
   2069.9569784892060     
   2071.2071035517374     
   2072.4572286142688     
   2073.7073536768003     
   2074.9574787393317     
   2076.2076038018631     
   2077.4577288643945     
   2078.7078539269260     
   2079.9579789894574     
   2081.2081040519888     
   2082.4582291145202     
   2083.7083541770517     
   2084.9584792395831     
   2086.2086043021145     
   2087.4587293646459     
   2088.7088544271774     
   2089.9589794897088     
   2091.2091045522402     
   2092.4592296147716     
   2093.7093546773031     
   2094.9594797398345     
   2096.2096048023659     
   2097.4597298648973     
   2098.7098549274288     
   2099.9599799899602     
   2101.2101050524916     
   2102.4602301150230     
   2103.7103551775544     
   2104.9604802400859     
   2106.2106053026173     
   2107.4607303651487     
   2108.7108554276801     
   2109.9609804902116     
   2111.2111055527430     
   2112.4612306152744     
   2113.7113556778058     
   2114.9614807403373     
   2116.2116058028687     
   2117.4617308654001     
   2118.7118559279315     
   2119.9619809904630     
   2121.2121060529944     
   2122.4622311155258     
   2123.7123561780572     
   2124.9624812405887     
   2126.2126063031201     
   2127.4627313656515     
   2128.7128564281829     
   2129.9629814907144     
   2131.2131065532458     
   2132.4632316157772     
   2133.7133566783086     
   2134.9634817408401     
   2136.2136068033715     
   2137.4637318659029     
   2138.7138569284343     
   2139.9639819909657     
   2141.2141070534972     
   2142.4642321160286     
   2143.7143571785600     
   2144.9644822410914     
   2146.2146073036229     
   2147.4647323661543     
   2148.7148574286857     
   2149.9649824912171     
   2151.2151075537486     
   2152.4652326162800     
   2153.7153576788114     
   2154.9654827413428     
   2156.2156078038743     
   2157.4657328664057     
   2158.7158579289371     
   2159.9659829914685     
   2161.2161080540000     
   2162.4662331165314     
   2163.7163581790628     
   2164.9664832415942     
   2166.2166083041257     
   2167.4667333666571     
   2168.7168584291885     
   2169.9669834917199     
   2171.2171085542514     
   2172.4672336167828     
   2173.7173586793142     
   2174.9674837418456     
   2176.2176088043771     
   2177.4677338669085     
   2178.7178589294399     
   2179.9679839919713     
   2181.2181090545027     
   2182.4682341170342     
   2183.7183591795656     
   2184.9684842420970     
   2186.2186093046284     
   2187.4687343671599     
   2188.7188594296913     
   2189.9689844922227     
   2191.2191095547541     
   2192.4692346172856     
   2193.7193596798170     
   2194.9694847423484     
   2196.2196098048798     
   2197.4697348674113     
   2198.7198599299427     
   2199.9699849924741     
   2201.2201100550055     
   2202.4702351175370     
   2203.7203601800684     
   2204.9704852425998     
   2206.2206103051312     
   2207.4707353676627     
   2208.7208604301941     
   2209.9709854927255     
   2211.2211105552569     
   2212.4712356177884     
   2213.7213606803198     
   2214.9714857428512     
   2216.2216108053826     
   2217.4717358679140     
   2218.7218609304455     
   2219.9719859929769     
   2221.2221110555083     
   2222.4722361180397     
   2223.7223611805712     
   2224.9724862431026     
   2226.2226113056340     
   2227.4727363681654     
   2228.7228614306969     
   2229.9729864932283     
   2231.2231115557597     
   2232.4732366182911     
   2233.7233616808226     
   2234.9734867433540     
   2236.2236118058854     
   2237.4737368684168     
   2238.7238619309483     
   2239.9739869934797     
   2241.2241120560111     
   2242.4742371185425     
   2243.7243621810740     
   2244.9744872436054     
   2246.2246123061368     
   2247.4747373686682     
   2248.7248624311997     
   2249.9749874937311     
   2251.2251125562625     
   2252.4752376187939     
   2253.7253626813254     
   2254.9754877438568     
   2256.2256128063882     
   2257.4757378689196     
   2258.7258629314510     
   2259.9759879939825     
   2261.2261130565139     
   2262.4762381190453     
   2263.7263631815767     
   2264.9764882441082     
   2266.2266133066396     
   2267.4767383691710     
   2268.7268634317024     
   2269.9769884942339     
   2271.2271135567653     
   2272.4772386192967     
   2273.7273636818281     
   2274.9774887443596     
   2276.2276138068910     
   2277.4777388694224     
   2278.7278639319538     
   2279.9779889944853     
   2281.2281140570167     
   2282.4782391195481     
   2283.7283641820795     
   2284.9784892446110     
   2286.2286143071424     
   2287.4787393696738     
   2288.7288644322052     
   2289.9789894947367     
   2291.2291145572681     
   2292.4792396197995     
   2293.7293646823309     
   2294.9794897448623     
   2296.2296148073938     
   2297.4797398699252     
   2298.7298649324566     
   2299.9799899949880     
   2301.2301150575195     
   2302.4802401200509     
   2303.7303651825823     
   2304.9804902451137     
   2306.2306153076452     
   2307.4807403701766     
   2308.7308654327080     
   2309.9809904952394     
   2311.2311155577709     
   2312.4812406203023     
   2313.7313656828337     
   2314.9814907453651     
   2316.2316158078966     
   2317.4817408704280     
   2318.7318659329594     
   2319.9819909954908     
   2321.2321160580223     
   2322.4822411205537     
   2323.7323661830851     
   2324.9824912456165     
   2326.2326163081480     
   2327.4827413706794     
   2328.7328664332108     
   2329.9829914957422     
   2331.2331165582737     
   2332.4832416208051     
   2333.7333666833365     
   2334.9834917458679     
   2336.2336168083993     
   2337.4837418709308     
   2338.7338669334622     
   2339.9839919959936     
   2341.2341170585250     
   2342.4842421210565     
   2343.7343671835879     
   2344.9844922461193     
   2346.2346173086507     
   2347.4847423711822     
   2348.7348674337136     
   2349.9849924962450     
   2351.2351175587764     
   2352.4852426213079     
   2353.7353676838393     
   2354.9854927463707     
   2356.2356178089021     
   2357.4857428714336     
   2358.7358679339650     
   2359.9859929964964     
   2361.2361180590278     
   2362.4862431215593     
   2363.7363681840907     
   2364.9864932466221     
   2366.2366183091535     
   2367.4867433716850     
   2368.7368684342164     
   2369.9869934967478     
   2371.2371185592792     
   2372.4872436218106     
   2373.7373686843421     
   2374.9874937468735     
   2376.2376188094049     
   2377.4877438719363     
   2378.7378689344678     
   2379.9879939969992     
   2381.2381190595306     
   2382.4882441220620     
   2383.7383691845935     
   2384.9884942471249     
   2386.2386193096563     
   2387.4887443721877     
   2388.7388694347192     
   2389.9889944972506     
   2391.2391195597820     
   2392.4892446223134     
   2393.7393696848449     
   2394.9894947473763     
   2396.2396198099077     
   2397.4897448724391     
   2398.7398699349706     
   2399.9899949975020     
   2401.2401200600334     
   2402.4902451225648     
   2403.7403701850963     
   2404.9904952476277     
   2406.2406203101591     
   2407.4907453726905     
   2408.7408704352220     
   2409.9909954977534     
   2411.2411205602848     
   2412.4912456228162     
   2413.7413706853476     
   2414.9914957478791     
   2416.2416208104105     
   2417.4917458729419     
   2418.7418709354733     
   2419.9919959980048     
   2421.2421210605362     
   2422.4922461230676     
   2423.7423711855990     
   2424.9924962481305     
   2426.2426213106619     
   2427.4927463731933     
   2428.7428714357247     
   2429.9929964982562     
   2431.2431215607876     
   2432.4932466233190     
   2433.7433716858504     
   2434.9934967483819     
   2436.2436218109133     
   2437.4937468734447     
   2438.7438719359761     
   2439.9939969985076     
   2441.2441220610390     
   2442.4942471235704     
   2443.7443721861018     
   2444.9944972486333     
   2446.2446223111647     
   2447.4947473736961     
   2448.7448724362275     
   2449.9949974987589     
   2451.2451225612904     
   2452.4952476238218     
   2453.7453726863532     
   2454.9954977488846     
   2456.2456228114161     
   2457.4957478739475     
   2458.7458729364789     
   2459.9959979990103     
   2461.2461230615418     
   2462.4962481240732     
   2463.7463731866046     
   2464.9964982491360     
   2466.2466233116675     
   2467.4967483741989     
   2468.7468734367303     
   2469.9969984992617     
   2471.2471235617932     
   2472.4972486243246     
   2473.7473736868560     
   2474.9974987493874     
   2476.2476238119189     
   2477.4977488744503     
   2478.7478739369817     
   2479.9979989995131     
   2481.2481240620446     
   2482.4982491245760     
   2483.7483741871074     
   2484.9984992496388     
   2486.2486243121703     
   2487.4987493747017     
   2488.7488744372331     
   2489.9989994997645     
   2491.2491245622959     
   2492.4992496248274     
   2493.7493746873588     
   2494.9994997498902     
   2496.2496248124216     
   2497.4997498749531     
   2498.7498749374845     
   2500.0000000000159     
