   1.0000000000000000     
   26.012006003001499     
   51.024012006002998     
   76.036018009004493     
   101.04802401200600     
   126.06003001500750     
   151.07203601800899     
   176.08404202101048     
   201.09604802401196     
   226.10805402701345     
   251.12006003001494     
   276.13206603301643     
   301.14407203601792     
   326.15607803901941     
   351.16808404202089     
   376.18009004502238     
   401.19209604802387     
   426.20410205102536     
   451.21610805402685     
   476.22811405702834     
   501.24012006002982     
   526.25212606303137     
   551.26413206603286     
   576.27613806903435     
   601.28814407203583     
   626.30015007503732     
   651.31215607803881     
   676.32416208104030     
   701.33616808404179     
   726.34817408704328     
   751.36018009004476     
   776.37218609304625     
   801.38419209604774     
   826.39619809904923     
   851.40820410205072     
   876.42021010505221     
   901.43221610805369     
   926.44422211105518     
   951.45622811405667     
   976.46823411705816     
   1001.4802401200596     
   1026.4922461230612     
   1051.5042521260627     
   1076.5162581290642     
   1101.5282641320657     
   1126.5402701350672     
   1151.5522761380687     
   1176.5642821410702     
   1201.5762881440717     
   1226.5882941470732     
   1251.6003001500746     
   1276.6123061530761     
   1301.6243121560776     
   1326.6363181590791     
   1351.6483241620806     
   1376.6603301650821     
   1401.6723361680836     
   1426.6843421710851     
   1451.6963481740866     
   1476.7083541770880     
   1501.7203601800895     
   1526.7323661830910     
   1551.7443721860925     
   1576.7563781890940     
   1601.7683841920955     
   1626.7803901950970     
   1651.7923961980985     
   1676.8044022010999     
   1701.8164082041014     
   1726.8284142071029     
   1751.8404202101044     
   1776.8524262131059     
   1801.8644322161074     
   1826.8764382191089     
   1851.8884442221104     
   1876.9004502251119     
   1901.9124562281133     
   1926.9244622311148     
   1951.9364682341163     
   1976.9484742371178     
   2001.9604802401193     
   2026.9724862431208     
   2051.9844922461225     
   2076.9964982491242     
   2102.0085042521259     
   2127.0205102551276     
   2152.0325162581294     
   2177.0445222611311     
   2202.0565282641328     
   2227.0685342671345     
   2252.0805402701362     
   2277.0925462731379     
   2302.1045522761397     
   2327.1165582791414     
   2352.1285642821431     
   2377.1405702851448     
   2402.1525762881465     
   2427.1645822911482     
   2452.1765882941500     
   2477.1885942971517     
   2502.2006003001534     
   2527.2126063031551     
   2552.2246123061568     
   2577.2366183091585     
   2602.2486243121602     
   2627.2606303151620     
   2652.2726363181637     
   2677.2846423211654     
   2702.2966483241671     
   2727.3086543271688     
   2752.3206603301705     
   2777.3326663331723     
   2802.3446723361740     
   2827.3566783391757     
   2852.3686843421774     
   2877.3806903451791     
   2902.3926963481808     
   2927.4047023511826     
   2952.4167083541843     
   2977.4287143571860     
   3002.4407203601877     
   3027.4527263631894     
   3052.4647323661911     
   3077.4767383691928     
   3102.4887443721946     
   3127.5007503751963     
   3152.5127563781980     
   3177.5247623811997     
   3202.5367683842014     
   3227.5487743872031     
   3252.5607803902049     
   3277.5727863932066     
   3302.5847923962083     
   3327.5967983992100     
   3352.6088044022117     
   3377.6208104052134     
   3402.6328164082151     
   3427.6448224112169     
   3452.6568284142186     
   3477.6688344172203     
   3502.6808404202220     
   3527.6928464232237     
   3552.7048524262254     
   3577.7168584292272     
   3602.7288644322289     
   3627.7408704352306     
   3652.7528764382323     
   3677.7648824412340     
   3702.7768884442357     
   3727.7888944472375     
   3752.8009004502392     
   3777.8129064532409     
   3802.8249124562426     
   3827.8369184592443     
   3852.8489244622460     
   3877.8609304652477     
   3902.8729364682495     
   3927.8849424712512     
   3952.8969484742529     
   3977.9089544772546     
   4002.9209604802563     
   4027.9329664832580     
   4052.9449724862598     
   4077.9569784892615     
   4102.9689844922632     
   4127.9809904952645     
   4152.9929964982657     
   4178.0050025012670     
   4203.0170085042682     
   4228.0290145072695     
   4253.0410205102708     
   4278.0530265132720     
   4303.0650325162733     
   4328.0770385192745     
   4353.0890445222758     
   4378.1010505252771     
   4403.1130565282783     
   4428.1250625312796     
   4453.1370685342808     
   4478.1490745372821     
   4503.1610805402834     
   4528.1730865432846     
   4553.1850925462859     
   4578.1970985492871     
   4603.2091045522884     
   4628.2211105552897     
   4653.2331165582909     
   4678.2451225612922     
   4703.2571285642935     
   4728.2691345672947     
   4753.2811405702960     
   4778.2931465732972     
   4803.3051525762985     
   4828.3171585792998     
   4853.3291645823010     
   4878.3411705853023     
   4903.3531765883035     
   4928.3651825913048     
   4953.3771885943061     
   4978.3891945973073     
   5003.4012006003086     
   5028.4132066033098     
   5053.4252126063111     
   5078.4372186093124     
   5103.4492246123136     
   5128.4612306153149     
   5153.4732366183162     
   5178.4852426213174     
   5203.4972486243187     
   5228.5092546273199     
   5253.5212606303212     
   5278.5332666333225     
   5303.5452726363237     
   5328.5572786393250     
   5353.5692846423262     
   5378.5812906453275     
   5403.5932966483288     
   5428.6053026513300     
   5453.6173086543313     
   5478.6293146573325     
   5503.6413206603338     
   5528.6533266633351     
   5553.6653326663363     
   5578.6773386693376     
   5603.6893446723388     
   5628.7013506753401     
   5653.7133566783414     
   5678.7253626813426     
   5703.7373686843439     
   5728.7493746873452     
   5753.7613806903464     
   5778.7733866933477     
   5803.7853926963489     
   5828.7973986993502     
   5853.8094047023515     
   5878.8214107053527     
   5903.8334167083540     
   5928.8454227113552     
   5953.8574287143565     
   5978.8694347173578     
   6003.8814407203590     
   6028.8934467233603     
   6053.9054527263615     
   6078.9174587293628     
   6103.9294647323641     
   6128.9414707353653     
   6153.9534767383666     
   6178.9654827413679     
   6203.9774887443691     
   6228.9894947473704     
   6254.0015007503716     
   6279.0135067533729     
   6304.0255127563742     
   6329.0375187593754     
   6354.0495247623767     
   6379.0615307653779     
   6404.0735367683792     
   6429.0855427713805     
   6454.0975487743817     
   6479.1095547773830     
   6504.1215607803842     
   6529.1335667833855     
   6554.1455727863868     
   6579.1575787893880     
   6604.1695847923893     
   6629.1815907953905     
   6654.1935967983918     
   6679.2056028013931     
   6704.2176088043943     
   6729.2296148073956     
   6754.2416208103969     
   6779.2536268133981     
   6804.2656328163994     
   6829.2776388194006     
   6854.2896448224019     
   6879.3016508254032     
   6904.3136568284044     
   6929.3256628314057     
   6954.3376688344069     
   6979.3496748374082     
   7004.3616808404095     
   7029.3736868434107     
   7054.3856928464120     
   7079.3976988494132     
   7104.4097048524145     
   7129.4217108554158     
   7154.4337168584170     
   7179.4457228614183     
   7204.4577288644196     
   7229.4697348674208     
   7254.4817408704221     
   7279.4937468734233     
   7304.5057528764246     
   7329.5177588794259     
   7354.5297648824271     
   7379.5417708854284     
   7404.5537768884296     
   7429.5657828914309     
   7454.5777888944322     
   7479.5897948974334     
   7504.6018009004347     
   7529.6138069034359     
   7554.6258129064372     
   7579.6378189094385     
   7604.6498249124397     
   7629.6618309154410     
   7654.6738369184422     
   7679.6858429214435     
   7704.6978489244448     
   7729.7098549274460     
   7754.7218609304473     
   7779.7338669334486     
   7804.7458729364498     
   7829.7578789394511     
   7854.7698849424523     
   7879.7818909454536     
   7904.7938969484549     
   7929.8059029514561     
   7954.8179089544574     
   7979.8299149574586     
   8004.8419209604599     
   8029.8539269634612     
   8054.8659329664624     
   8079.8779389694637     
   8104.8899449724649     
   8129.9019509754662     
   8154.9139569784675     
   8179.9259629814687     
   8204.9379689844700     
   8229.9499749874722     
   8254.9619809904743     
   8279.9739869934765     
   8304.9859929964787     
   8329.9979989994808     
   8355.0100050024830     
   8380.0220110054852     
   8405.0340170084874     
   8430.0460230114895     
   8455.0580290144917     
   8480.0700350174939     
   8505.0820410204960     
   8530.0940470234982     
   8555.1060530265004     
   8580.1180590295025     
   8605.1300650325047     
   8630.1420710355069     
   8655.1540770385091     
   8680.1660830415112     
   8705.1780890445134     
   8730.1900950475156     
   8755.2021010505177     
   8780.2141070535199     
   8805.2261130565221     
   8830.2381190595243     
   8855.2501250625264     
   8880.2621310655286     
   8905.2741370685308     
   8930.2861430715329     
   8955.2981490745351     
   8980.3101550775373     
   9005.3221610805394     
   9030.3341670835416     
   9055.3461730865438     
   9080.3581790895460     
   9105.3701850925481     
   9130.3821910955503     
   9155.3941970985525     
   9180.4062031015546     
   9205.4182091045568     
   9230.4302151075590     
   9255.4422211105611     
   9280.4542271135633     
   9305.4662331165655     
   9330.4782391195677     
   9355.4902451225698     
   9380.5022511255720     
   9405.5142571285742     
   9430.5262631315763     
   9455.5382691345785     
   9480.5502751375807     
   9505.5622811405829     
   9530.5742871435850     
   9555.5862931465872     
   9580.5982991495894     
   9605.6103051525915     
   9630.6223111555937     
   9655.6343171585959     
   9680.6463231615980     
   9705.6583291646002     
   9730.6703351676024     
   9755.6823411706046     
   9780.6943471736067     
   9805.7063531766089     
   9830.7183591796111     
   9855.7303651826132     
   9880.7423711856154     
   9905.7543771886176     
   9930.7663831916198     
   9955.7783891946219     
   9980.7903951976241     
   10005.802401200626     
   10030.814407203628     
   10055.826413206631     
   10080.838419209633     
   10105.850425212635     
   10130.862431215637     
   10155.874437218639     
   10180.886443221641     
   10205.898449224644     
   10230.910455227646     
   10255.922461230648     
   10280.934467233650     
   10305.946473236652     
   10330.958479239654     
   10355.970485242657     
   10380.982491245659     
   10405.994497248661     
   10431.006503251663     
   10456.018509254665     
   10481.030515257668     
   10506.042521260670     
   10531.054527263672     
   10556.066533266674     
   10581.078539269676     
   10606.090545272678     
   10631.102551275681     
   10656.114557278683     
   10681.126563281685     
   10706.138569284687     
   10731.150575287689     
   10756.162581290691     
   10781.174587293694     
   10806.186593296696     
   10831.198599299698     
   10856.210605302700     
   10881.222611305702     
   10906.234617308704     
   10931.246623311707     
   10956.258629314709     
   10981.270635317711     
   11006.282641320713     
   11031.294647323715     
   11056.306653326717     
   11081.318659329720     
   11106.330665332722     
   11131.342671335724     
   11156.354677338726     
   11181.366683341728     
   11206.378689344730     
   11231.390695347733     
   11256.402701350735     
   11281.414707353737     
   11306.426713356739     
   11331.438719359741     
   11356.450725362743     
   11381.462731365746     
   11406.474737368748     
   11431.486743371750     
   11456.498749374752     
   11481.510755377754     
   11506.522761380756     
   11531.534767383759     
   11556.546773386761     
   11581.558779389763     
   11606.570785392765     
   11631.582791395767     
   11656.594797398770     
   11681.606803401772     
   11706.618809404774     
   11731.630815407776     
   11756.642821410778     
   11781.654827413780     
   11806.666833416783     
   11831.678839419785     
   11856.690845422787     
   11881.702851425789     
   11906.714857428791     
   11931.726863431793     
   11956.738869434796     
   11981.750875437798     
   12006.762881440800     
   12031.774887443802     
   12056.786893446804     
   12081.798899449806     
   12106.810905452809     
   12131.822911455811     
   12156.834917458813     
   12181.846923461815     
   12206.858929464817     
   12231.870935467819     
   12256.882941470822     
   12281.894947473824     
   12306.906953476826     
   12331.918959479828     
   12356.930965482830     
   12381.942971485832     
   12406.954977488835     
   12431.966983491837     
   12456.978989494839     
   12481.990995497841     
   12507.003001500843     
   12532.015007503845     
   12557.027013506848     
   12582.039019509850     
   12607.051025512852     
   12632.063031515854     
   12657.075037518856     
   12682.087043521859     
   12707.099049524861     
   12732.111055527863     
   12757.123061530865     
   12782.135067533867     
   12807.147073536869     
   12832.159079539872     
   12857.171085542874     
   12882.183091545876     
   12907.195097548878     
   12932.207103551880     
   12957.219109554882     
   12982.231115557885     
   13007.243121560887     
   13032.255127563889     
   13057.267133566891     
   13082.279139569893     
   13107.291145572895     
   13132.303151575898     
   13157.315157578900     
   13182.327163581902     
   13207.339169584904     
   13232.351175587906     
   13257.363181590908     
   13282.375187593911     
   13307.387193596913     
   13332.399199599915     
   13357.411205602917     
   13382.423211605919     
   13407.435217608921     
   13432.447223611924     
   13457.459229614926     
   13482.471235617928     
   13507.483241620930     
   13532.495247623932     
   13557.507253626934     
   13582.519259629937     
   13607.531265632939     
   13632.543271635941     
   13657.555277638943     
   13682.567283641945     
   13707.579289644947     
   13732.591295647950     
   13757.603301650952     
   13782.615307653954     
   13807.627313656956     
   13832.639319659958     
   13857.651325662961     
   13882.663331665963     
   13907.675337668965     
   13932.687343671967     
   13957.699349674969     
   13982.711355677971     
   14007.723361680974     
   14032.735367683976     
   14057.747373686978     
   14082.759379689980     
   14107.771385692982     
   14132.783391695984     
   14157.795397698987     
   14182.807403701989     
   14207.819409704991     
   14232.831415707993     
   14257.843421710995     
   14282.855427713997     
   14307.867433717000     
   14332.879439720002     
   14357.891445723004     
   14382.903451726006     
   14407.915457729008     
   14432.927463732010     
   14457.939469735013     
   14482.951475738015     
   14507.963481741017     
   14532.975487744019     
   14557.987493747021     
   14582.999499750023     
   14608.011505753026     
   14633.023511756028     
   14658.035517759030     
   14683.047523762032     
   14708.059529765034     
   14733.071535768036     
   14758.083541771039     
   14783.095547774041     
   14808.107553777043     
   14833.119559780045     
   14858.131565783047     
   14883.143571786050     
   14908.155577789052     
   14933.167583792054     
   14958.179589795056     
   14983.191595798058     
   15008.203601801060     
   15033.215607804063     
   15058.227613807065     
   15083.239619810067     
   15108.251625813069     
   15133.263631816071     
   15158.275637819073     
   15183.287643822076     
   15208.299649825078     
   15233.311655828080     
   15258.323661831082     
   15283.335667834084     
   15308.347673837086     
   15333.359679840089     
   15358.371685843091     
   15383.383691846093     
   15408.395697849095     
   15433.407703852097     
   15458.419709855099     
   15483.431715858102     
   15508.443721861104     
   15533.455727864106     
   15558.467733867108     
   15583.479739870110     
   15608.491745873112     
   15633.503751876115     
   15658.515757879117     
   15683.527763882119     
   15708.539769885121     
   15733.551775888123     
   15758.563781891125     
   15783.575787894128     
   15808.587793897130     
   15833.599799900132     
   15858.611805903134     
   15883.623811906136     
   15908.635817909138     
   15933.647823912141     
   15958.659829915143     
   15983.671835918145     
   16008.683841921147     
   16033.695847924149     
   16058.707853927152     
   16083.719859930154     
   16108.731865933156     
   16133.743871936158     
   16158.755877939160     
   16183.767883942162     
   16208.779889945165     
   16233.791895948167     
   16258.803901951169     
   16283.815907954171     
   16308.827913957173     
   16333.839919960175     
   16358.851925963178     
   16383.863931966180     
   16408.875937969180     
   16433.887943972182     
   16458.899949975184     
   16483.911955978187     
   16508.923961981189     
   16533.935967984191     
   16558.947973987193     
   16583.959979990195     
   16608.971985993197     
   16633.983991996200     
   16658.995997999202     
   16684.008004002204     
   16709.020010005206     
   16734.032016008208     
   16759.044022011210     
   16784.056028014213     
   16809.068034017215     
   16834.080040020217     
   16859.092046023219     
   16884.104052026221     
   16909.116058029223     
   16934.128064032226     
   16959.140070035228     
   16984.152076038230     
   17009.164082041232     
   17034.176088044234     
   17059.188094047237     
   17084.200100050239     
   17109.212106053241     
   17134.224112056243     
   17159.236118059245     
   17184.248124062247     
   17209.260130065250     
   17234.272136068252     
   17259.284142071254     
   17284.296148074256     
   17309.308154077258     
   17334.320160080260     
   17359.332166083263     
   17384.344172086265     
   17409.356178089267     
   17434.368184092269     
   17459.380190095271     
   17484.392196098273     
   17509.404202101276     
   17534.416208104278     
   17559.428214107280     
   17584.440220110282     
   17609.452226113284     
   17634.464232116286     
   17659.476238119289     
   17684.488244122291     
   17709.500250125293     
   17734.512256128295     
   17759.524262131297     
   17784.536268134299     
   17809.548274137302     
   17834.560280140304     
   17859.572286143306     
   17884.584292146308     
   17909.596298149310     
   17934.608304152312     
   17959.620310155315     
   17984.632316158317     
   18009.644322161319     
   18034.656328164321     
   18059.668334167323     
   18084.680340170326     
   18109.692346173328     
   18134.704352176330     
   18159.716358179332     
   18184.728364182334     
   18209.740370185336     
   18234.752376188339     
   18259.764382191341     
   18284.776388194343     
   18309.788394197345     
   18334.800400200347     
   18359.812406203349     
   18384.824412206352     
   18409.836418209354     
   18434.848424212356     
   18459.860430215358     
   18484.872436218360     
   18509.884442221362     
   18534.896448224365     
   18559.908454227367     
   18584.920460230369     
   18609.932466233371     
   18634.944472236373     
   18659.956478239375     
   18684.968484242378     
   18709.980490245380     
   18734.992496248382     
   18760.004502251384     
   18785.016508254386     
   18810.028514257388     
   18835.040520260391     
   18860.052526263393     
   18885.064532266395     
   18910.076538269397     
   18935.088544272399     
   18960.100550275401     
   18985.112556278404     
   19010.124562281406     
   19035.136568284408     
   19060.148574287410     
   19085.160580290412     
   19110.172586293414     
   19135.184592296417     
   19160.196598299419     
   19185.208604302421     
   19210.220610305423     
   19235.232616308425     
   19260.244622311428     
   19285.256628314430     
   19310.268634317432     
   19335.280640320434     
   19360.292646323436     
   19385.304652326438     
   19410.316658329441     
   19435.328664332443     
   19460.340670335445     
   19485.352676338447     
   19510.364682341449     
   19535.376688344451     
   19560.388694347454     
   19585.400700350456     
   19610.412706353458     
   19635.424712356460     
   19660.436718359462     
   19685.448724362464     
   19710.460730365467     
   19735.472736368469     
   19760.484742371471     
   19785.496748374473     
   19810.508754377475     
   19835.520760380477     
   19860.532766383480     
   19885.544772386482     
   19910.556778389484     
   19935.568784392486     
   19960.580790395488     
   19985.592796398490     
   20010.604802401493     
   20035.616808404495     
   20060.628814407497     
   20085.640820410499     
   20110.652826413501     
   20135.664832416503     
   20160.676838419506     
   20185.688844422508     
   20210.700850425510     
   20235.712856428512     
   20260.724862431514     
   20285.736868434517     
   20310.748874437519     
   20335.760880440521     
   20360.772886443523     
   20385.784892446525     
   20410.796898449527     
   20435.808904452530     
   20460.820910455532     
   20485.832916458534     
   20510.844922461536     
   20535.856928464538     
   20560.868934467540     
   20585.880940470543     
   20610.892946473545     
   20635.904952476547     
   20660.916958479549     
   20685.928964482551     
   20710.940970485553     
   20735.952976488556     
   20760.964982491558     
   20785.976988494560     
   20810.988994497562     
   20836.001000500564     
   20861.013006503566     
   20886.025012506569     
   20911.037018509571     
   20936.049024512573     
   20961.061030515575     
   20986.073036518577     
   21011.085042521579     
   21036.097048524582     
   21061.109054527584     
   21086.121060530586     
   21111.133066533588     
   21136.145072536590     
   21161.157078539592     
   21186.169084542595     
   21211.181090545597     
   21236.193096548599     
   21261.205102551601     
   21286.217108554603     
   21311.229114557605     
   21336.241120560608     
   21361.253126563610     
   21386.265132566612     
   21411.277138569614     
   21436.289144572616     
   21461.301150575619     
   21486.313156578621     
   21511.325162581623     
   21536.337168584625     
   21561.349174587627     
   21586.361180590629     
   21611.373186593632     
   21636.385192596634     
   21661.397198599636     
   21686.409204602638     
   21711.421210605640     
   21736.433216608642     
   21761.445222611645     
   21786.457228614647     
   21811.469234617649     
   21836.481240620651     
   21861.493246623653     
   21886.505252626655     
   21911.517258629658     
   21936.529264632660     
   21961.541270635662     
   21986.553276638664     
   22011.565282641666     
   22036.577288644668     
   22061.589294647671     
   22086.601300650673     
   22111.613306653675     
   22136.625312656677     
   22161.637318659679     
   22186.649324662681     
   22211.661330665684     
   22236.673336668686     
   22261.685342671688     
   22286.697348674690     
   22311.709354677692     
   22336.721360680694     
   22361.733366683697     
   22386.745372686699     
   22411.757378689701     
   22436.769384692703     
   22461.781390695705     
   22486.793396698708     
   22511.805402701710     
   22536.817408704712     
   22561.829414707714     
   22586.841420710716     
   22611.853426713718     
   22636.865432716721     
   22661.877438719723     
   22686.889444722725     
   22711.901450725727     
   22736.913456728729     
   22761.925462731731     
   22786.937468734734     
   22811.949474737736     
   22836.961480740738     
   22861.973486743740     
   22886.985492746742     
   22911.997498749744     
   22937.009504752747     
   22962.021510755749     
   22987.033516758751     
   23012.045522761753     
   23037.057528764755     
   23062.069534767757     
   23087.081540770760     
   23112.093546773762     
   23137.105552776764     
   23162.117558779766     
   23187.129564782768     
   23212.141570785770     
   23237.153576788773     
   23262.165582791775     
   23287.177588794777     
   23312.189594797779     
   23337.201600800781     
   23362.213606803783     
   23387.225612806786     
   23412.237618809788     
   23437.249624812790     
   23462.261630815792     
   23487.273636818794     
   23512.285642821797     
   23537.297648824799     
   23562.309654827801     
   23587.321660830803     
   23612.333666833805     
   23637.345672836807     
   23662.357678839810     
   23687.369684842812     
   23712.381690845814     
   23737.393696848816     
   23762.405702851818     
   23787.417708854820     
   23812.429714857823     
   23837.441720860825     
   23862.453726863827     
   23887.465732866829     
   23912.477738869831     
   23937.489744872833     
   23962.501750875836     
   23987.513756878838     
   24012.525762881840     
   24037.537768884842     
   24062.549774887844     
   24087.561780890846     
   24112.573786893849     
   24137.585792896851     
   24162.597798899853     
   24187.609804902855     
   24212.621810905857     
   24237.633816908859     
   24262.645822911862     
   24287.657828914864     
   24312.669834917866     
   24337.681840920868     
   24362.693846923870     
   24387.705852926872     
   24412.717858929875     
   24437.729864932877     
   24462.741870935879     
   24487.753876938881     
   24512.765882941883     
   24537.777888944885     
   24562.789894947888     
   24587.801900950890     
   24612.813906953892     
   24637.825912956894     
   24662.837918959896     
   24687.849924962899     
   24712.861930965901     
   24737.873936968903     
   24762.885942971905     
   24787.897948974907     
   24812.909954977909     
   24837.921960980912     
   24862.933966983914     
   24887.945972986916     
   24912.957978989918     
   24937.969984992920     
   24962.981990995922     
   24987.993996998925     
   25013.006003001927     
   25038.018009004929     
   25063.030015007931     
   25088.042021010933     
   25113.054027013935     
   25138.066033016938     
   25163.078039019940     
   25188.090045022942     
   25213.102051025944     
   25238.114057028946     
   25263.126063031948     
   25288.138069034951     
   25313.150075037953     
   25338.162081040955     
   25363.174087043957     
   25388.186093046959     
   25413.198099049961     
   25438.210105052964     
   25463.222111055966     
   25488.234117058968     
   25513.246123061970     
   25538.258129064972     
   25563.270135067974     
   25588.282141070977     
   25613.294147073979     
   25638.306153076981     
   25663.318159079983     
   25688.330165082985     
   25713.342171085988     
   25738.354177088990     
   25763.366183091992     
   25788.378189094994     
   25813.390195097996     
   25838.402201100998     
   25863.414207104001     
   25888.426213107003     
   25913.438219110005     
   25938.450225113007     
   25963.462231116009     
   25988.474237119011     
   26013.486243122014     
   26038.498249125016     
   26063.510255128018     
   26088.522261131020     
   26113.534267134022     
   26138.546273137024     
   26163.558279140027     
   26188.570285143029     
   26213.582291146031     
   26238.594297149033     
   26263.606303152035     
   26288.618309155037     
   26313.630315158040     
   26338.642321161042     
   26363.654327164044     
   26388.666333167046     
   26413.678339170048     
   26438.690345173050     
   26463.702351176053     
   26488.714357179055     
   26513.726363182057     
   26538.738369185059     
   26563.750375188061     
   26588.762381191063     
   26613.774387194066     
   26638.786393197068     
   26663.798399200070     
   26688.810405203072     
   26713.822411206074     
   26738.834417209076     
   26763.846423212079     
   26788.858429215081     
   26813.870435218083     
   26838.882441221085     
   26863.894447224087     
   26888.906453227090     
   26913.918459230092     
   26938.930465233094     
   26963.942471236096     
   26988.954477239098     
   27013.966483242100     
   27038.978489245103     
   27063.990495248105     
   27089.002501251107     
   27114.014507254109     
   27139.026513257111     
   27164.038519260113     
   27189.050525263116     
   27214.062531266118     
   27239.074537269120     
   27264.086543272122     
   27289.098549275124     
   27314.110555278126     
   27339.122561281129     
   27364.134567284131     
   27389.146573287133     
   27414.158579290135     
   27439.170585293137     
   27464.182591296139     
   27489.194597299142     
   27514.206603302144     
   27539.218609305146     
   27564.230615308148     
   27589.242621311150     
   27614.254627314152     
   27639.266633317155     
   27664.278639320157     
   27689.290645323159     
   27714.302651326161     
   27739.314657329163     
   27764.326663332165     
   27789.338669335168     
   27814.350675338170     
   27839.362681341172     
   27864.374687344174     
   27889.386693347176     
   27914.398699350179     
   27939.410705353181     
   27964.422711356183     
   27989.434717359185     
   28014.446723362187     
   28039.458729365189     
   28064.470735368192     
   28089.482741371194     
   28114.494747374196     
   28139.506753377198     
   28164.518759380200     
   28189.530765383202     
   28214.542771386205     
   28239.554777389207     
   28264.566783392209     
   28289.578789395211     
   28314.590795398213     
   28339.602801401215     
   28364.614807404218     
   28389.626813407220     
   28414.638819410222     
   28439.650825413224     
   28464.662831416226     
   28489.674837419228     
   28514.686843422231     
   28539.698849425233     
   28564.710855428235     
   28589.722861431237     
   28614.734867434239     
   28639.746873437241     
   28664.758879440244     
   28689.770885443246     
   28714.782891446248     
   28739.794897449250     
   28764.806903452252     
   28789.818909455254     
   28814.830915458257     
   28839.842921461259     
   28864.854927464261     
   28889.866933467263     
   28914.878939470265     
   28939.890945473267     
   28964.902951476270     
   28989.914957479272     
   29014.926963482274     
   29039.938969485276     
   29064.950975488278     
   29089.962981491281     
   29114.974987494283     
   29139.986993497285     
   29164.998999500287     
   29190.011005503289     
   29215.023011506291     
   29240.035017509294     
   29265.047023512296     
   29290.059029515298     
   29315.071035518300     
   29340.083041521302     
   29365.095047524304     
   29390.107053527307     
   29415.119059530309     
   29440.131065533311     
   29465.143071536313     
   29490.155077539315     
   29515.167083542317     
   29540.179089545320     
   29565.191095548322     
   29590.203101551324     
   29615.215107554326     
   29640.227113557328     
   29665.239119560330     
   29690.251125563333     
   29715.263131566335     
   29740.275137569337     
   29765.287143572339     
   29790.299149575341     
   29815.311155578343     
   29840.323161581346     
   29865.335167584348     
   29890.347173587350     
   29915.359179590352     
   29940.371185593354     
   29965.383191596356     
   29990.395197599359     
   30015.407203602361     
   30040.419209605363     
   30065.431215608365     
   30090.443221611367     
   30115.455227614370     
   30140.467233617372     
   30165.479239620374     
   30190.491245623376     
   30215.503251626378     
   30240.515257629380     
   30265.527263632383     
   30290.539269635385     
   30315.551275638387     
   30340.563281641389     
   30365.575287644391     
   30390.587293647393     
   30415.599299650396     
   30440.611305653398     
   30465.623311656400     
   30490.635317659402     
   30515.647323662404     
   30540.659329665406     
   30565.671335668409     
   30590.683341671411     
   30615.695347674413     
   30640.707353677415     
   30665.719359680417     
   30690.731365683419     
   30715.743371686422     
   30740.755377689424     
   30765.767383692426     
   30790.779389695428     
   30815.791395698430     
   30840.803401701432     
   30865.815407704435     
   30890.827413707437     
   30915.839419710439     
   30940.851425713441     
   30965.863431716443     
   30990.875437719445     
   31015.887443722448     
   31040.899449725450     
   31065.911455728452     
   31090.923461731454     
   31115.935467734456     
   31140.947473737458     
   31165.959479740461     
   31190.971485743463     
   31215.983491746465     
   31240.995497749467     
   31266.007503752469     
   31291.019509755472     
   31316.031515758474     
   31341.043521761476     
   31366.055527764478     
   31391.067533767480     
   31416.079539770482     
   31441.091545773485     
   31466.103551776487     
   31491.115557779489     
   31516.127563782491     
   31541.139569785493     
   31566.151575788495     
   31591.163581791498     
   31616.175587794500     
   31641.187593797502     
   31666.199599800504     
   31691.211605803506     
   31716.223611806508     
   31741.235617809511     
   31766.247623812513     
   31791.259629815515     
   31816.271635818517     
   31841.283641821519     
   31866.295647824521     
   31891.307653827524     
   31916.319659830526     
   31941.331665833528     
   31966.343671836530     
   31991.355677839532     
   32016.367683842534     
   32041.379689845537     
   32066.391695848539     
   32091.403701851541     
   32116.415707854543     
   32141.427713857545     
   32166.439719860547     
   32191.451725863550     
   32216.463731866552     
   32241.475737869554     
   32266.487743872556     
   32291.499749875558     
   32316.511755878561     
   32341.523761881563     
   32366.535767884565     
   32391.547773887567     
   32416.559779890569     
   32441.571785893571     
   32466.583791896574     
   32491.595797899576     
   32516.607803902578     
   32541.619809905580     
   32566.631815908582     
   32591.643821911584     
   32616.655827914587     
   32641.667833917589     
   32666.679839920591     
   32691.691845923593     
   32716.703851926595     
   32741.715857929597     
   32766.727863932600     
   32791.739869935598     
   32816.751875938600     
   32841.763881941602     
   32866.775887944605     
   32891.787893947607     
   32916.799899950609     
   32941.811905953611     
   32966.823911956613     
   32991.835917959615     
   33016.847923962618     
   33041.859929965620     
   33066.871935968622     
   33091.883941971624     
   33116.895947974626     
   33141.907953977628     
   33166.919959980631     
   33191.931965983633     
   33216.943971986635     
   33241.955977989637     
   33266.967983992639     
   33291.979989995642     
   33316.991995998644     
   33342.004002001646     
   33367.016008004648     
   33392.028014007650     
   33417.040020010652     
   33442.052026013655     
   33467.064032016657     
   33492.076038019659     
   33517.088044022661     
   33542.100050025663     
   33567.112056028665     
   33592.124062031668     
   33617.136068034670     
   33642.148074037672     
   33667.160080040674     
   33692.172086043676     
   33717.184092046678     
   33742.196098049681     
   33767.208104052683     
   33792.220110055685     
   33817.232116058687     
   33842.244122061689     
   33867.256128064691     
   33892.268134067694     
   33917.280140070696     
   33942.292146073698     
   33967.304152076700     
   33992.316158079702     
   34017.328164082704     
   34042.340170085707     
   34067.352176088709     
   34092.364182091711     
   34117.376188094713     
   34142.388194097715     
   34167.400200100717     
   34192.412206103720     
   34217.424212106722     
   34242.436218109724     
   34267.448224112726     
   34292.460230115728     
   34317.472236118731     
   34342.484242121733     
   34367.496248124735     
   34392.508254127737     
   34417.520260130739     
   34442.532266133741     
   34467.544272136744     
   34492.556278139746     
   34517.568284142748     
   34542.580290145750     
   34567.592296148752     
   34592.604302151754     
   34617.616308154757     
   34642.628314157759     
   34667.640320160761     
   34692.652326163763     
   34717.664332166765     
   34742.676338169767     
   34767.688344172770     
   34792.700350175772     
   34817.712356178774     
   34842.724362181776     
   34867.736368184778     
   34892.748374187780     
   34917.760380190783     
   34942.772386193785     
   34967.784392196787     
   34992.796398199789     
   35017.808404202791     
   35042.820410205793     
   35067.832416208796     
   35092.844422211798     
   35117.856428214800     
   35142.868434217802     
   35167.880440220804     
   35192.892446223806     
   35217.904452226809     
   35242.916458229811     
   35267.928464232813     
   35292.940470235815     
   35317.952476238817     
   35342.964482241819     
   35367.976488244822     
   35392.988494247824     
   35418.000500250826     
   35443.012506253828     
   35468.024512256830     
   35493.036518259833     
   35518.048524262835     
   35543.060530265837     
   35568.072536268839     
   35593.084542271841     
   35618.096548274843     
   35643.108554277846     
   35668.120560280848     
   35693.132566283850     
   35718.144572286852     
   35743.156578289854     
   35768.168584292856     
   35793.180590295859     
   35818.192596298861     
   35843.204602301863     
   35868.216608304865     
   35893.228614307867     
   35918.240620310869     
   35943.252626313872     
   35968.264632316874     
   35993.276638319876     
   36018.288644322878     
   36043.300650325880     
   36068.312656328882     
   36093.324662331885     
   36118.336668334887     
   36143.348674337889     
   36168.360680340891     
   36193.372686343893     
   36218.384692346895     
   36243.396698349898     
   36268.408704352900     
   36293.420710355902     
   36318.432716358904     
   36343.444722361906     
   36368.456728364908     
   36393.468734367911     
   36418.480740370913     
   36443.492746373915     
   36468.504752376917     
   36493.516758379919     
   36518.528764382922     
   36543.540770385924     
   36568.552776388926     
   36593.564782391928     
   36618.576788394930     
   36643.588794397932     
   36668.600800400935     
   36693.612806403937     
   36718.624812406939     
   36743.636818409941     
   36768.648824412943     
   36793.660830415945     
   36818.672836418948     
   36843.684842421950     
   36868.696848424952     
   36893.708854427954     
   36918.720860430956     
   36943.732866433958     
   36968.744872436961     
   36993.756878439963     
   37018.768884442965     
   37043.780890445967     
   37068.792896448969     
   37093.804902451971     
   37118.816908454974     
   37143.828914457976     
   37168.840920460978     
   37193.852926463980     
   37218.864932466982     
   37243.876938469984     
   37268.888944472987     
   37293.900950475989     
   37318.912956478991     
   37343.924962481993     
   37368.936968484995     
   37393.948974487997     
   37418.960980491000     
   37443.972986494002     
   37468.984992497004     
   37493.996998500006     
   37519.009004503008     
   37544.021010506010     
   37569.033016509013     
   37594.045022512015     
   37619.057028515017     
   37644.069034518019     
   37669.081040521021     
   37694.093046524024     
   37719.105052527026     
   37744.117058530028     
   37769.129064533030     
   37794.141070536032     
   37819.153076539034     
   37844.165082542037     
   37869.177088545039     
   37894.189094548041     
   37919.201100551043     
   37944.213106554045     
   37969.225112557047     
   37994.237118560050     
   38019.249124563052     
   38044.261130566054     
   38069.273136569056     
   38094.285142572058     
   38119.297148575060     
   38144.309154578063     
   38169.321160581065     
   38194.333166584067     
   38219.345172587069     
   38244.357178590071     
   38269.369184593073     
   38294.381190596076     
   38319.393196599078     
   38344.405202602080     
   38369.417208605082     
   38394.429214608084     
   38419.441220611086     
   38444.453226614089     
   38469.465232617091     
   38494.477238620093     
   38519.489244623095     
   38544.501250626097     
   38569.513256629099     
   38594.525262632102     
   38619.537268635104     
   38644.549274638106     
   38669.561280641108     
   38694.573286644110     
   38719.585292647113     
   38744.597298650115     
   38769.609304653117     
   38794.621310656119     
   38819.633316659121     
   38844.645322662123     
   38869.657328665126     
   38894.669334668128     
   38919.681340671130     
   38944.693346674132     
   38969.705352677134     
   38994.717358680136     
   39019.729364683139     
   39044.741370686141     
   39069.753376689143     
   39094.765382692145     
   39119.777388695147     
   39144.789394698149     
   39169.801400701152     
   39194.813406704154     
   39219.825412707156     
   39244.837418710158     
   39269.849424713160     
   39294.861430716162     
   39319.873436719165     
   39344.885442722167     
   39369.897448725169     
   39394.909454728171     
   39419.921460731173     
   39444.933466734175     
   39469.945472737178     
   39494.957478740180     
   39519.969484743182     
   39544.981490746184     
   39569.993496749186     
   39595.005502752188     
   39620.017508755191     
   39645.029514758193     
   39670.041520761195     
   39695.053526764197     
   39720.065532767199     
   39745.077538770201     
   39770.089544773204     
   39795.101550776206     
   39820.113556779208     
   39845.125562782210     
   39870.137568785212     
   39895.149574788215     
   39920.161580791217     
   39945.173586794219     
   39970.185592797221     
   39995.197598800223     
   40020.209604803225     
   40045.221610806228     
   40070.233616809230     
   40095.245622812232     
   40120.257628815234     
   40145.269634818236     
   40170.281640821238     
   40195.293646824241     
   40220.305652827243     
   40245.317658830245     
   40270.329664833247     
   40295.341670836249     
   40320.353676839251     
   40345.365682842254     
   40370.377688845256     
   40395.389694848258     
   40420.401700851260     
   40445.413706854262     
   40470.425712857264     
   40495.437718860267     
   40520.449724863269     
   40545.461730866271     
   40570.473736869273     
   40595.485742872275     
   40620.497748875277     
   40645.509754878280     
   40670.521760881282     
   40695.533766884284     
   40720.545772887286     
   40745.557778890288     
   40770.569784893290     
   40795.581790896293     
   40820.593796899295     
   40845.605802902297     
   40870.617808905299     
   40895.629814908301     
   40920.641820911304     
   40945.653826914306     
   40970.665832917308     
   40995.677838920310     
   41020.689844923312     
   41045.701850926314     
   41070.713856929317     
   41095.725862932319     
   41120.737868935321     
   41145.749874938323     
   41170.761880941325     
   41195.773886944327     
   41220.785892947330     
   41245.797898950332     
   41270.809904953334     
   41295.821910956336     
   41320.833916959338     
   41345.845922962340     
   41370.857928965343     
   41395.869934968345     
   41420.881940971347     
   41445.893946974349     
   41470.905952977351     
   41495.917958980353     
   41520.929964983356     
   41545.941970986358     
   41570.953976989360     
   41595.965982992362     
   41620.977988995364     
   41645.989994998366     
   41671.002001001369     
   41696.014007004371     
   41721.026013007373     
   41746.038019010375     
   41771.050025013377     
   41796.062031016379     
   41821.074037019382     
   41846.086043022384     
   41871.098049025386     
   41896.110055028388     
   41921.122061031390     
   41946.134067034393     
   41971.146073037395     
   41996.158079040397     
   42021.170085043399     
   42046.182091046401     
   42071.194097049403     
   42096.206103052406     
   42121.218109055408     
   42146.230115058410     
   42171.242121061412     
   42196.254127064414     
   42221.266133067416     
   42246.278139070419     
   42271.290145073421     
   42296.302151076423     
   42321.314157079425     
   42346.326163082427     
   42371.338169085429     
   42396.350175088432     
   42421.362181091434     
   42446.374187094436     
   42471.386193097438     
   42496.398199100440     
   42521.410205103442     
   42546.422211106445     
   42571.434217109447     
   42596.446223112449     
   42621.458229115451     
   42646.470235118453     
   42671.482241121455     
   42696.494247124458     
   42721.506253127460     
   42746.518259130462     
   42771.530265133464     
   42796.542271136466     
   42821.554277139468     
   42846.566283142471     
   42871.578289145473     
   42896.590295148475     
   42921.602301151477     
   42946.614307154479     
   42971.626313157481     
   42996.638319160484     
   43021.650325163486     
   43046.662331166488     
   43071.674337169490     
   43096.686343172492     
   43121.698349175495     
   43146.710355178497     
   43171.722361181499     
   43196.734367184501     
   43221.746373187503     
   43246.758379190505     
   43271.770385193508     
   43296.782391196510     
   43321.794397199512     
   43346.806403202514     
   43371.818409205516     
   43396.830415208518     
   43421.842421211521     
   43446.854427214523     
   43471.866433217525     
   43496.878439220527     
   43521.890445223529     
   43546.902451226531     
   43571.914457229534     
   43596.926463232536     
   43621.938469235538     
   43646.950475238540     
   43671.962481241542     
   43696.974487244544     
   43721.986493247547     
   43746.998499250549     
   43772.010505253551     
   43797.022511256553     
   43822.034517259555     
   43847.046523262557     
   43872.058529265560     
   43897.070535268562     
   43922.082541271564     
   43947.094547274566     
   43972.106553277568     
   43997.118559280570     
   44022.130565283573     
   44047.142571286575     
   44072.154577289577     
   44097.166583292579     
   44122.178589295581     
   44147.190595298584     
   44172.202601301586     
   44197.214607304588     
   44222.226613307590     
   44247.238619310592     
   44272.250625313594     
   44297.262631316597     
   44322.274637319599     
   44347.286643322601     
   44372.298649325603     
   44397.310655328605     
   44422.322661331607     
   44447.334667334610     
   44472.346673337612     
   44497.358679340614     
   44522.370685343616     
   44547.382691346618     
   44572.394697349620     
   44597.406703352623     
   44622.418709355625     
   44647.430715358627     
   44672.442721361629     
   44697.454727364631     
   44722.466733367633     
   44747.478739370636     
   44772.490745373638     
   44797.502751376640     
   44822.514757379642     
   44847.526763382644     
   44872.538769385646     
   44897.550775388649     
   44922.562781391651     
   44947.574787394653     
   44972.586793397655     
   44997.598799400657     
   45022.610805403659     
   45047.622811406662     
   45072.634817409664     
   45097.646823412666     
   45122.658829415668     
   45147.670835418670     
   45172.682841421672     
   45197.694847424675     
   45222.706853427677     
   45247.718859430679     
   45272.730865433681     
   45297.742871436683     
   45322.754877439686     
   45347.766883442688     
   45372.778889445690     
   45397.790895448692     
   45422.802901451694     
   45447.814907454696     
   45472.826913457699     
   45497.838919460701     
   45522.850925463703     
   45547.862931466705     
   45572.874937469707     
   45597.886943472709     
   45622.898949475712     
   45647.910955478714     
   45672.922961481716     
   45697.934967484718     
   45722.946973487720     
   45747.958979490722     
   45772.970985493725     
   45797.982991496727     
   45822.994997499729     
   45848.007003502731     
   45873.019009505733     
   45898.031015508735     
   45923.043021511738     
   45948.055027514740     
   45973.067033517742     
   45998.079039520744     
   46023.091045523746     
   46048.103051526748     
   46073.115057529751     
   46098.127063532753     
   46123.139069535755     
   46148.151075538757     
   46173.163081541759     
   46198.175087544761     
   46223.187093547764     
   46248.199099550766     
   46273.211105553768     
   46298.223111556770     
   46323.235117559772     
   46348.247123562775     
   46373.259129565777     
   46398.271135568779     
   46423.283141571781     
   46448.295147574783     
   46473.307153577785     
   46498.319159580788     
   46523.331165583790     
   46548.343171586792     
   46573.355177589794     
   46598.367183592796     
   46623.379189595798     
   46648.391195598801     
   46673.403201601803     
   46698.415207604805     
   46723.427213607807     
   46748.439219610809     
   46773.451225613811     
   46798.463231616814     
   46823.475237619816     
   46848.487243622818     
   46873.499249625820     
   46898.511255628822     
   46923.523261631824     
   46948.535267634827     
   46973.547273637829     
   46998.559279640831     
   47023.571285643833     
   47048.583291646835     
   47073.595297649837     
   47098.607303652840     
   47123.619309655842     
   47148.631315658844     
   47173.643321661846     
   47198.655327664848     
   47223.667333667850     
   47248.679339670853     
   47273.691345673855     
   47298.703351676857     
   47323.715357679859     
   47348.727363682861     
   47373.739369685863     
   47398.751375688866     
   47423.763381691868     
   47448.775387694870     
   47473.787393697872     
   47498.799399700874     
   47523.811405703877     
   47548.823411706879     
   47573.835417709881     
   47598.847423712883     
   47623.859429715885     
   47648.871435718887     
   47673.883441721890     
   47698.895447724892     
   47723.907453727894     
   47748.919459730896     
   47773.931465733898     
   47798.943471736900     
   47823.955477739903     
   47848.967483742905     
   47873.979489745907     
   47898.991495748909     
   47924.003501751911     
   47949.015507754913     
   47974.027513757916     
   47999.039519760918     
   48024.051525763920     
   48049.063531766922     
   48074.075537769924     
   48099.087543772926     
   48124.099549775929     
   48149.111555778931     
   48174.123561781933     
   48199.135567784935     
   48224.147573787937     
   48249.159579790939     
   48274.171585793942     
   48299.183591796944     
   48324.195597799946     
   48349.207603802948     
   48374.219609805950     
   48399.231615808952     
   48424.243621811955     
   48449.255627814957     
   48474.267633817959     
   48499.279639820961     
   48524.291645823963     
   48549.303651826966     
   48574.315657829968     
   48599.327663832970     
   48624.339669835972     
   48649.351675838974     
   48674.363681841976     
   48699.375687844979     
   48724.387693847981     
   48749.399699850983     
   48774.411705853985     
   48799.423711856987     
   48824.435717859989     
   48849.447723862992     
   48874.459729865994     
   48899.471735868996     
   48924.483741871998     
   48949.495747875000     
   48974.507753878002     
   48999.519759881005     
   49024.531765884007     
   49049.543771887009     
   49074.555777890011     
   49099.567783893013     
   49124.579789896015     
   49149.591795899018     
   49174.603801902020     
   49199.615807905022     
   49224.627813908024     
   49249.639819911026     
   49274.651825914028     
   49299.663831917031     
   49324.675837920033     
   49349.687843923035     
   49374.699849926037     
   49399.711855929039     
   49424.723861932041     
   49449.735867935044     
   49474.747873938046     
   49499.759879941048     
   49524.771885944050     
   49549.783891947052     
   49574.795897950054     
   49599.807903953057     
   49624.819909956059     
   49649.831915959061     
   49674.843921962063     
   49699.855927965065     
   49724.867933968068     
   49749.879939971070     
   49774.891945974072     
   49799.903951977074     
   49824.915957980076     
   49849.927963983078     
   49874.939969986081     
   49899.951975989083     
   49924.963981992085     
   49949.975987995087     
   49974.987993998089     
   50000.000000001091     
