   1851256.3501672444     
   1586133.3343831562     
   1371811.8584995142     
   1197209.3748288976     
   1053693.9650250499     
   934551.41574035631     
   834565.77073141793     
   749689.79669434892     
   676786.53521766572     
   613426.93888377619     
   557731.66893233894     
   508247.60217047250     
   463851.57026954868     
   423675.42978406232     
   387047.81390270061     
   353448.91064986173     
   322475.39869991440     
   293813.29301970149     
   267216.94199441979     
   242492.80266488306     
   219486.92295553422     
   198075.29666736827     
   178156.44237608087     
   159645.70219542686     
   142470.86933988097     
   126568.84142700420     
   111883.06492339766     
   98361.589329207694     
   85955.590970139951     
   74618.258254352346     
   64303.955014768988     
   54967.597705919354     
   46564.197015394209     
   39048.525863180876     
   32374.884559958267     
   26496.940670593816     
   21367.626341594892     
   16939.079857843324     
   13162.621270768435     
   9988.7543008643661     
   7367.1885272058871     
   5246.8772627927601     
   3576.0675754091644     
   2302.3597249087802     
   1372.7739076753235     
   733.82267224906434     
   331.58773115717287     
   111.80016924223973     
   19.923258502560284     
   1.2372491539190027     
